Detected labels in 450px-Broadway_and_Times_Square_by_night.jpg
Building : 99.98551940917969
Urban : 99.98551940917969
Metropolis : 99.98551940917969
Town : 99.98551940917969
City : 99.98551940917969
Downtown : 99.73494720458984
Person : 99.62568664550781
Human : 99.62568664550781
Automobile : 96.2378158569336
Car : 96.2378158569336
Transportation : 96.2378158569336
Vehicle : 96.2378158569336
Lighting : 93.64977264404297
Architecture : 92.825439453125
High Rise : 91.42882537841797
Road : 90.64318084716797
Advertisement : 67.31283569335938
Billboard : 67.31283569335938
Neighborhood : 61.00969696044922
Asphalt : 59.17186737060547
Tarmac : 59.17186737060547
Office Building : 58.079200744628906
Done...
